This folder: /media/daniella/B/git/Plasmmer/Plasmmer/redirect/peeper.plasmmer.com

  File: ./index.html
  Size: 244       	Blocks: 0          IO Block: 4096   regular file
Device: 8,20	Inode: 4166173     Links: 1
Access: (0755/-rwxr-xr-x)  Uid: ( 1000/daniella)   Gid: ( 1000/daniella)
Access: 2023-07-20 15:57:10.698111300 -0300
Modify: 2023-07-13 16:38:13.563950600 -0300
Change: 2023-07-13 16:38:55.490317200 -0300
 Birth: 2023-07-13 16:38:13.553614400 -0300
IPFS hash: QmNgucHNd9LyyNBSpf9cF6HJjbcHCFFJ6g6dycgdfb1hbn
------------------------------